99999999.1
99999999.2
99999999.3
99999999.4
99999999.5
99999999.6
99999999.7
99999999.8
99999999.9
99999999.01
99999999.02
99999999.03
99999999.04
99999999.05
99999999.06
99999999.07
99999999.08
99999999.09
99999999.001
99999999.002
99999999.003
99999999.004
99999999.005
99999999.006
99999999.007
99999999.008
99999999.009
99999999.0001
99999999.0002
99999999.0003
99999999.0004
99999999.0005
99999999.0006
99999999.0007
99999999.0008
99999999.0009
99999999.00001
99999999.00002
99999999.00003
99999999.00004
99999999.00005
99999999.00006
99999999.00007
99999999.00008
99999999.00009
99999999.000001
99999999.000002
99999999.000003
99999999.000004
99999999.000005
99999999.000006
99999999.000007
99999999.000008
99999999.000009
99999999.11111111
99999999.22222222
99999999.33333333
99999999.44444444
99999999.55555555
99999999.66666666
99999999.77777777
99999999.88888888
99999999.99999999
99999999.12345678
99999999.01234567
99999999.00123456
99999999.00012345
99999999.00001234
99999999.00000123
99999999.00000012
99999999.00000001
