0.1
0.2
0.3
0.4
0.5
0.6
0.7
0.8
0.9
0.01
0.02
0.03
0.04
0.05
0.06
0.07
0.08
0.09
0.001
0.002
0.003
0.004
0.005
0.006
0.007
0.008
0.009
0.0001
0.0002
0.0003
0.0004
0.0005
0.0006
0.0007
0.0008
0.0009
0.00001
0.00002
0.00003
0.00004
0.00005
0.00006
0.00007
0.00008
0.00009
0.000001
0.000002
0.000003
0.000004
0.000005
0.000006
0.000007
0.000008
0.000009
0.11111111
0.22222222
0.33333333
0.44444444
0.55555555
0.66666666
0.77777777
0.88888888
0.99999999
0.12345678
0.01234567
0.00123456
0.00012345
0.00001234
0.00000123
0.00000012
0.00000001
